            CFrameQuest = CFrame.new(894.488647, 5.14000702, 4392.43359, 0.819155693, -0, -0.573571265, 0, 1, -0, 0.573571265, 0, 0.819155693)
            CFrameMon = CFrame.new(1608.2822265625, 8.614224433898926, 4371.00732421875)
        elseif MyLevel == 90 or MyLevel <= 99 then
            Mon = "Snow Bandit"
            LevelQuest = 1
            NameQuest = "SnowQuest"
            NameMon = "Snow Bandit"
            CFrameQuest = CFrame.new(1389.74451, 88.1519318, -1298.90796, -0.342042685, 0, 0.939684391, 0, 1, 0, -0.939684391, 0, -0.342042685)
            CFrameMon = CFrame.new(1354.347900390625, 87.27277374267578, -1393.946533203125)
        elseif MyLevel == 100 or MyLevel <= 119 then
            Mon = "Snowman"
            LevelQuest = 2
            NameQuest = "SnowQuest"
            NameMon = "Snowman"
            CFrameQuest = CFrame.new(1389.74451, 88.1519318, -1298.90796, -0.342042685, 0, 0.939684391, 0, 1, 0, -0.939684391, 0, -0.342042685)
            CFrameMon = CFrame.new(1201.6412353515625, 144.57958984375, -1550.0670166015625)
        elseif MyLevel == 120 or MyLevel <= 149 then
            Mon = "Chief Petty Officer"
            LevelQuest = 1
            NameQuest = "MarineQuest2"
            NameMon = "Chief Petty Officer"
            CFrameQuest = CFrame.new(-5039.58643, 27.3500385, 4324.68018, 0, 0, -1, 0, 1, 0, 1, 0, 0)
            CFrameMon = CFrame.new(-4881.23095703125, 22.65204429626465, 4273.75244140625)
        elseif MyLevel == 150 or MyLevel <= 174 then
            Mon = "Sky Bandit"
            LevelQuest = 1
            NameQuest = "SkyQuest"
            NameMon = "Sky Bandit"
            CFrameQuest = CFrame.new(-4839.53027, 716.368591, -2619.44165, 0.866007268, 0, 0.500031412, 0, 1, 0, -0.500031412, 0, 0.866007268)
            CFrameMon = CFrame.new(-4953.20703125, 295.74420166015625, -2899.22900390625)
        elseif MyLevel == 175 or MyLevel <= 189 then
            Mon = "Dark Master"
            LevelQuest = 2
            NameQuest = "SkyQuest"
            NameMon = "Dark Master"
            CFrameQuest = CFrame.new(-4839.53027, 716.368591, -2619.44165, 0.866007268, 0, 0.500031412, 0, 1, 0, -0.500031412, 0, 0.866007268)
            CFrameMon = CFrame.new(-5259.8447265625, 391.3976745605469, -2229.035400390625)
        elseif MyLevel == 190 or MyLevel <= 209 then
            Mon = "Prisoner"
            LevelQuest = 1
            NameQuest = "PrisonerQuest"
            NameMon = "Prisoner"})
spawn(function()
    while wait(.1) do
        if _G.BringMode then
            pcall(function()
                if _G.BringMode == "Low" then
                    _G.BringMode = 300
                elseif _G.BringMode == "Normal" then
                    _G.BringMode = 375
                elseif _G.BringMode == "Super Bring" then
                    _G.BringMode = 450
                end
            end)
        end
    end
end)

local Section = M:AddSection({
    Name = "FastAttack :"
})

M:AddToggle({
    Name = "FastAttack",
    Default = true,
    Flag = "FastAttack",
    Save = false,
    Callback = function(Value)
        _G.FastAttack = Value
    end    
})
local CameraShaker = require(game.ReplicatedStorage.Util.CameraShaker)
CombatFrameworkR = require(game:GetService("Players").LocalPlayer.PlayerScripts.CombatFramework)
y = debug.getupvalues(CombatFrameworkR)[2]
spawn(function()
    game:GetService("RunService").RenderStepped:Connect(function()
        if _G.FastAttack then
            if typeof(y) == "table" then
                pcall(function()
                    CameraShaker:Stop()
            CFrameQuest = CFrame.new(5308.93115, 1.65517521, 475.120514, -0.0894274712, -5.00292918e-09, -0.995993316, 1.60817859e-09, 1, -5.16744869e-09, 0.995993316, -2.06384709e-09, -0.0894274712)
            CFrameMon = CFrame.new(5098.9736328125, -0.3204058110713959, 474.2373352050781)
        elseif MyLevel == 210 or MyLevel <= 249 then
            Mon = "Dangerous Prisoner"
            LevelQuest = 2
            NameQuest = "PrisonerQuest"
            NameMon = "Dangerous Prisoner"
            CFrameQuest = CFrame.new(5308.93115, 1.65517521, 475.120514, -0.0894274712, -5.00292918e-09, -0.995993316, 1.60817859e-09, 1, -5.16744869e-09, 0.995993316, -2.06384709e-09, -0.0894274712)
            CFrameMon = CFrame.new(5654.5634765625, 15.633401870727539, 866.2991943359375)
        elseif MyLevel == 250 or MyLevel <= 274 then
            Mon = "Toga Warrior"
            LevelQuest = 1
            NameQuest = "ColosseumQuest"
            NameMon = "Toga Warrior"
            CFrameQuest = CFrame.new(-1580.04663, 6.35000277, -2986.47534, -0.515037298, 0, -0.857167721, 0, 1, 0, 0.857167721, 0, -0.515037298)
            CFrameMon = CFrame.new(-1820.21484375, 51.68385696411133, -2740.6650390625)
        elseif MyLevel == 275 or MyLevel <= 299 then
            Mon = "Gladiator"
            LevelQuest = 2
            NameQuest = "ColosseumQuest"
            NameMon = "Gladiator"
            CFrameQuest = CFrame.new(-1580.04663, 6.35000277, -2986.47534, -0.515037298, 0, -0.857167721, 0, 1, 0, 0.857167721, 0, -0.515037298)
            CFrameMon = CFrame.new(-1292.838134765625, 56.380882263183594, -3339.031494140625)
        elseif MyLevel == 300 or MyLevel <= 324 then
